50
8 4
5 2
6 2
9 2
5 1
2 3
5 2
3 1
2 3
5 2
1 5
5 5
5 4
5 4
3 4
4 5
1 3
2 1
4 3
1 2
1 2
4 2
2 5
3 5
2 5
2 1
5 2
3 1
2 2
4 2
5 2
3 2
2 2
1 3
4 2
5 1
1 1
1 2
1 4
4 1
4 1
1 4
2 1
2 5
2 4
3 2
2 4
5 3
1 5
5 5
4
0.788781 0.478070    
0.172735 0.728960    
0.690993 0.836937    
0.700948 0.134462    
0.186300 0.277963 




Centroid For Iteration  =  1
0.788781    0.47807    
0.172735    0.72896    
0.690993    0.836937    
0.700948    0.134462    
--------------------------------------------
SUM   3542.13

--------------------------------------------
Centroid For Iteration  =  2
3.26    2.78    
0.172735    0.72896    
0.690993    0.836937    
0.700948    0.134462    
--------------------------------------------
SUM   2971.84

--------------------------------------------
Centroid For Iteration  =  3
3.55814    3    
0.172735    0.72896    
1.42857    1.42857    
0.700948    0.134462    
--------------------------------------------
SUM   2718.97

--------------------------------------------
Centroid For Iteration  =  4
3.63415    3.04878    
0.172735    0.72896    
1.55556    1.55556    
0.700948    0.134462    
--------------------------------------------
SUM   2683.91

--------------------------------------------
Centroid For Iteration  =  5
3.63415    3.04878    
1    1    
1.625    1.625    
0.700948    0.134462    
--------------------------------------------
SUM   2390.95

--------------------------------------------
Centroid For Iteration  =  6
3.63415    3.04878    
1.42857    1.42857    
2    2    
0.700948    0.134462    
--------------------------------------------
SUM   2145.62
Number of Iteration  =  6





--------------------------------------------
Centroid For Iteration  =  1
0.788781    0.47807    
0.172735    0.72896    
0.690993    0.836937    
0.700948    0.134462    
--------------------------------------------

--------------------------------------------
Centroid For Iteration  =  2
3.26    2.78    
0.172735    0.72896    
0.690993    0.836937    
0.700948    0.134462    
--------------------------------------------

--------------------------------------------
Centroid For Iteration  =  3
3.55814    3    
0.172735    0.72896    
1.42857    1.42857    
0.700948    0.134462    
--------------------------------------------

--------------------------------------------
Centroid For Iteration  =  4
3.63415    3.04878    
0.172735    0.72896    
1.55556    1.55556    
0.700948    0.134462    
--------------------------------------------

--------------------------------------------
Centroid For Iteration  =  5
3.63415    3.04878    
1    1    
1.625    1.625    
0.700948    0.134462    
--------------------------------------------

--------------------------------------------
Centroid For Iteration  =  6
3.63415    3.04878    
1.42857    1.42857    
2    2    
0.700948    0.134462    
--------------------------------------------
Number of Iteration  =  6
